1628
4 5357 5913 9906 8148
4 1756 6404 7704 6823
4 8785 421 6255 2584
4 6584 5121 8754 3629
4 1524 8733 398 8407
4 5416 7529 4386 6735
4 6312 5231 7710 5583
4 1737 2589 2094 9487
4 8873 7923 6655 3015
4 3904 5905 8437 5886
4 7796 8452 7444 7262
4 2489 2395 998 59
4 1248 1492 2096 1388
4 8603 2861 3987 8197
4 6632 5515 4574 8479
4 4848 8689 7863 7896
4 9529 4233 3626 9128
4 9213 7290 2499 9295
4 7569 9354 9483 7549
4 9620 5796 820 604
4 1729 9004 4041 7525
4 7108 4100 847 6476
4 9131 4004 4644 9383
4 3697 973 7792 4916
4 370 2061 4631 9618
4 6459 1396 453 4863
4 7136 7583 3566 4374
4 5744 3715 3135 1287
4 2752 7834 4405 3765
4 8338 7939 5772 4886
4 5427 2117 2935 8775
4 461 5570 3942 9965
4 8152 5219 1707 7198
4 6640 2932 2687 5982
4 6839 9612 8189 6639
4 2843 2331 8284 2222
4 5616 1114 4670 684
4 2345 5651 532 7
4 2545 3825 8119 4685
4 5791 8636 8991 9959
4 7945 8063 1013 839
4 9888 5042 5251 3420
4 8384 2819 1491 4318
4 7936 3273 9765 1423
4 1385 6196 371 4090
4 49 3775 3686 8911
4 8240 3149 5083 4430
4 3678 2723 2141 1734
4 2968 4449 5211 1677
4 3272 4473 2124 9527
4 936 2212 5918 2008
4 7577 7515 876 8837
4 7368 384 2922 7927
4 3176 962 2459 4147
4 9256 5989 2246 3295
4 2728 3457 666 6613
4 9818 948 2598 5945
4 1081 4106 5526 1341
4 8320 7937 5052 1851
4 7208 7064 3505 4036
4 7168 9813 8854 4695
4 9568 1233 9986 281
4 4808 44 1101 8392
4 5090 683 6756 1556
4 8641 5363 9614 8287
4 2196 674 8004 7100
4 9019 3228 6702 8591
4 3795 7819 1004 9894
4 5001 5383 3357 2736
4 3024 8851 4637 723
4 1561 6762 3484 9247
4 8608 2064 2964 63
4 7540 7201 8116 2070
4 8585 5101 7369 2155
4 3656 8777 8814 854
4 336 8058 5773 110
4 2080 8233 2300 2814
4 8250 7643 7316 1214
4 7409 3940 3047 4240
4 992 2009 403 2558
4 4788 2259 1988 443
4 4917 1146 1830 714
4 5653 4964 4509 3792
4 976 5048 1071 752
4 4961 1115 4619 7101
4 8639 7595 3647 3142
4 7313 8322 2115 9532
4 864 5602 7950 5592
4 7825 7202 4579 9275
4 4874 6252 4957 5214
4 3896 3042 636 2342
4 5713 6668 6240 3096
4 5729 7326 654 3519
4 6176 6170 7231 3607
4 3293 6381 8745 8612
4 7359 9267 4167 3463
4 9305 4940 9539 4235
4 9129 9866 818 6935
4 1955 2727 6038 780
4 9795 132 6107 1353
4 7145 7961 4702 4561
4 4185 4131 7135 766
4 1210 3114 3437 1671
4 7305 8803 8485 4406
4 82 2274 5163 2475
4 8465 4983 7579 5295
4 1450 5310 7862 1742
4 6677 5046 4141 3302
4 5625 2548 5652 7259
4 586 4995 8644 2828
4 5006 2686 727 5777
4 7104 3499 4194 213
4 5873 4074 9917 62
4 2353 2295 4997 631
4 2962 3072 6129 7088
4 8553 9307 7715 3844
4 6012 4731 8172 4663
4 8658 4331 9605 1965
4 9151 8242 3196 1895
4 7083 7447 2759 8767
4 8267 8811 5332 8751
4 954 1322 1203 2293
4 6623 164 9246 9135
4 8736 9196 3337 4076
4 7543 3309 887 2228
4 7953 197 3950 8079
4 6547 9063 4925 18
4 4320 1713 9946 9690
4 1591 1164 1812 4655
4 2045 2652 9525 4135
4 5904 8332 4516 1357
4 4912 4322 2340 2060
4 8193 4102 6782 8375
4 3689 2982 3708 4044
4 1711 3842 4582 4711
4 2544 9966 6534 2749
4 2085 1763 2642 1509
4 9747 6495 7148 5540
4 120 8010 2323 5156
4 3223 5324 5622 7079
4 8601 2628 2726 7516
4 9576 9433 1946 7196
4 3257 4550 6567 328
4 5931 2481 8387 9263
4 7464 6571 4638 6134
4 7551 3757 8478 2036
4 2456 6168 3542 6550
4 3672 4139 9900 446
4 7545 9106 7308 6558
4 6178 8430 4902 3655
4 201 676 2862 4058
4 4150 2308 2313 6602
4 6171 5081 9235 71
4 7851 1621 8997 9542
4 3376 65 3475 4390
4 6537 8397 6611 3781
4 1936 8138 4475 47
4 8670 3508 8453 3997
4 9119 9443 264 1508
4 8477 1861 3869 5854
4 3889 4112 1433 6467
4 8865 6957 2870 9559
4 1160 9243 4837 1934
4 4480 2905 3089 2055
4 9320 4402 3155 9528
4 3583 2123 7814 2023
4 2160 6913 2243 214
4 8253 2265 5891 8701
4 8200 3618 8187 4959
4 2674 11 4244 5359
4 5096 2267 7445 1050
4 3632 2203 1636 4557
4 9 850 6123 687
4 1096 4657 8626 8346
4 1136 9374 8509 3485
4 6580 333 774 2095
4 9514 6989 177 2619
4 2944 7522 8115 1724
4 2985 8849 8259 5366
4 1568 1418 8036 7466
4 7726 373 4498 745
4 7385 3253 8286 6415
4 5209 9289 6300 9302
4 4551 3745 5600 1767
4 3593 2282 9283 8367
4 6842 9784 5919 1383
4 9344 3913 1845 3648
4 5665 6882 706 8167
4 859 2718 6638 2213
4 7008 6777 4284 5991
4 4352 2305 4690 8348
4 2994 9366 9942 4951
4 8563 6060 9856 58
4 7756 4965 4151 2535
4 7700 7050 3229 7439
4 3112 7032 1094 4847
4 3002 7212 8047 7981
4 5609 3170 7725 5686
4 7451 9649 6359 9691
4 3769 5839 4351 7463
4 6313 245 2572 1049
4 8506 5136 594 7494
4 6329 3106 9778 8697
4 5962 1820 565 8839
4 9968 6370 7209 5149
4 1817 2571 9732 2612
4 7648 7920 171 1231
4 6477 8101 9974 7703
4 7944 7673 5494 6927
4 9545 9873 8026 296
4 5845 2802 67 8487
4 9123 1336 6147 3356
4 3368 9921 8186 2647
4 3840 4490 8094 7757
4 5793 778 7629 9751
4 6994 3526 1996 1427
4 7119 257 7330 9779
4 1202 2957 103 6010
4 3443 9325 6 7489
4 9722 9340 1717 9629
4 9566 9546 4259 4134
4 645 5244 7567 6578
4 3496 9111 7911 321
4 7671 4293 1001 8834
4 8915 188 9806 5720
4 4884 60 5593 750
4 1787 1510 2162 1740
4 8947 709 7166 1839
4 1701 5239 5544 9871
4 6144 8449 4696 593
4 3214 6028 1912 9450
4 8501 6297 9363 8895
4 6666 8923 924 4727
4 2817 3083 2245 6342
4 4883 8683 3022 4527
4 5529 7647 6483 7391
4 8168 836 6309 9365
4 1714 5074 522 6419
4 3379 6188 8183 9154
4 6198 283 3 1483
4 1976 8616 1883 6316
4 1249 2351 2536 6363
4 8651 1364 4717 9962
4 7153 3730 251 9252
4 2575 332 1351 3126
4 6050 5492 9166 8199
4 4161 9550 7415 1340
4 1505 9746 2488 4521
4 7344 7302 2912 6149
4 4649 8579 4572 278
4 3473 6738 8990 730
4 6985 2795 3899 5488
4 2920 4137 3120 1552
4 1743 8835 5758 791
4 4222 2043 3579 5728
4 2509 4415 9341 5378
4 767 5683 7699 1359
4 5835 4357 1344 6914
4 5808 5849 4532 6662
4 3062 6192 5308 5733
4 9397 7250 797 407
4 6042 55 8418 7824
4 96 9930 1810 877
4 3728 4079 5207 3087
4 1800 9585 8866 8163
4 7524 1673 5028 2809
4 5131 3308 3167 5170
4 9121 4491 6444 5197
4 7922 7026 2364 9713
4 3306 3750 7934 3892
4 2952 5155 6226 4960
4 8625 3905 513 3791
4 6336 9511 7613 688
4 6273 9426 9271 9250
4 8056 5970 7972 5518
4 9572 3137 6384 9552
4 2089 3978 4043 1747
4 9048 5909 3271 4565
4 3153 737 9499 8679
4 7748 8929 1821 6938
4 7218 5579 172 5389
4 1085 4524 1372 8431
4 5864 1476 8132 2585
4 9507 7296 4361 8956
4 9952 1522 8040 8529
4 6769 6058 5476 9718
4 9843 8707 7412 3367
4 7677 9124 1429 6426
4 4861 8003 6956 1601
4 3001 7057 5236 1178
4 1889 3870 4200 9265
4 5794 6747 5164 5325
4 4627 151 7861 7870
4 145 4179 3557 9849
4 3339 3718 9703 8043
4 5553 6582 463 5172
4 8874 6389 5902 9599
4 8677 5203 2927 3518
4 6481 9569 8721 8607
4 1154 1923 5174 8671
4 2776 3451 6627 7118
4 8297 4706 8442 9853
4 3278 4469 4607 1720
4 915 4617 6220 2732
4 4977 7267 1564 6110
4 9689 8702 1708 1765
4 7696 4600 8470 6377
4 7880 9626 9419 5547
4 3673 8940 1523 7319
4 1200 2112 8779 1948
4 9755 8932 7542 6410
4 7617 6498 7155 634
4 1224 1587 717 7823
4 9695 4307 6605 4367
4 3498 4381 534 5530
4 7210 3830 85 902
4 3736 3561 5803 3375
4 1393 8722 1484 7436
4 9908 2766 1589 7740
4 5785 3028 1998 7759
4 7536 10 8548 3248
4 1526 1542 4477 1037
4 3969 2804 6526 1487
4 1152 6367 2000 3944
4 7041 9390 7318 3276
4 2592 3857 4990 1975
4 3527 5044 4933 9895
4 7356 9220 53 3540
4 7603 773 2798 8637
4 1073 1116 5375 884
4 6266 4292 8204 926
4 3511 9769 760 3980
4 1140 7178 8059 3055
4 7678 916 1833 1648
4 8466 3853 8527 6715
4 6616 1361 6296 4975
4 520 6146 3845 5278
4 6656 1261 8516 9961
4 1712 5610 1853 7253
4 17 7618 5330 8524
4 9907 4668 174 7103
4 6577 2007 6981 263
4 5998 2627 5941 7238
4 2566 912 2879 7983
4 7512 178 9471 7215
4 9464 1378 995 4870
4 4857 8931 8908 8597
4 5441 3050 3134 7839
4 6856 1570 5548 4946
4 529 1234 9168 3608
4 2939 846 8653 7278
4 9014 1430 7624 1197
4 4604 1122 8714 738
4 5563 464 8258 451
4 2368 8833 290 6628
4 2106 6583 6205 9359
4 5513 3746 7778 970
4 2185 4522 2165 9350
4 8673 1963 8964 9092
4 6752 5705 5118 6036
4 5649 6350 8578 9407
4 8328 2538 6396 6133
4 1681 5271 2407 656
4 5503 2716 3973 1015
4 9984 7518 8239 875
4 6364 3029 2590 9719
4 3104 9797 8659 9078
4 9161 1620 3573 8907
4 1874 9637 6111 6157
4 56 4867 2941 8614
4 2649 8161 7363 7130
4 117 7413 4230 2999
4 2573 6052 1061 844
4 3674 3107 8750 4871
4 208 6451 8293 362
4 4716 8715 8044 4926
4 7443 7777 9741 5823
4 2600 3885 5446 559
4 8824 9425 3362 1726
4 9976 9594 5627 1406
4 211 7558 4126 8692
4 2555 5094 139 6800
4 137 2486 7255 1684
4 7346 8247 28 9530
4 628 3422 9453 3882
4 6102 2836 7594 149
4 5341 6673 556 7692
4 8376 9361 804 7151
4 7978 9597 6742 1228
4 5056 297 9276 3516
4 6645 9880 2877 3877
4 7752 2125 3677 3480
4 2806 8198 5574 2887
4 9776 6731 2020 2811
4 1866 2221 8606 9523
4 597 900 7821 9468
4 9580 4555 4202 7764
4 1735 6256 3692 4671
4 7095 1253 87 8650
4 6705 5875 5899 7875
4 8609 3828 9286 1943
4 1856 1040 3834 301
4 3037 4093 4038 9382
4 6193 4650 9414 8305
4 9122 635 4054 590
4 2872 9241 3932 1847
4 4506 6436 8134 7175
4 5058 7105 2190 4011
4 480 3891 3808 5462
4 931 3092 7659 9214
4 3544 1632 1533 8652
4 8617 642 9182 206
4 2697 9165 5013 7375
4 5824 307 9197 5559
4 2937 5250 1332 3906
4 6984 6721 1877 8196
4 3129 1339 9714 6700
4 385 6320 4814 432
4 3704 7809 541 8537
4 3895 8342 2428 540
4 8684 4725 9748 7406
4 9490 8363 6540 8967
4 525 1010 7204 236
4 5981 6724 9326 4636
4 9376 2705 4091 7993
4 7734 9238 6421 7966
4 289 1642 3239 1157
4 6778 9675 1311 8423
4 3985 7116 6596 9606
4 6680 7361 6306 4692
4 2226 5371 404 4661
4 834 9730 253 5151
4 8752 6741 6215 2783
4 9633 234 6574 7727
4 2484 124 1884 4055
4 4592 2490 6676 4989
4 8032 5467 2765 7530
4 3912 4786 6531 1129
4 7499 2309 6053 3258
4 7152 4774 5948 3558
4 2241 1718 6155 8081
4 6152 5017 1994 7475
4 7090 8823 3132 5671
4 6365 1837 2854 5815
4 7954 1159 4474 6231
4 5517 5035 2400 898
4 3924 8123 8632 8160
4 1888 1117 648 7662
4 3531 2389 2006 7943
4 8176 6326 4904 1598
4 5178 947 7956 9734
4 9016 7074 3691 735
4 9864 9761 9602 4559
4 2277 9091 6051 471
4 3553 6794 3595 4720
4 7003 6651 5487 7768
4 6976 5916 358 3567
4 6380 5380 6733 3839
4 5020 7733 2457 8333
4 9896 1723 6557 678
4 2296 4089 8828 6280
4 2081 3811 7526 1595
4 7037 8845 6022 5633
4 6289 3371 2191 7454
4 4573 2461 8241 3802
4 4496 5235 1205 2462
4 5449 4442 5644 6228
4 1562 9650 4907 9971
4 4170 1819 9988 7419
4 1056 6965 6206 6685
4 9848 7914 1827 1023
4 5336 1471 5086 8648
4 489 8019 8035 4359
4 3760 6243 2148 7219
4 1584 33 3945 7888
4 9456 5355 1256 4766
4 8432 9879 4375 5489
4 6857 6514 4639 4495
4 1464 6757 1422 5007
4 7785 3323 6361 4412
4 2848 4865 7610 4187
4 5474 7374 2375 9549
4 1825 6203 9588 4859
4 5457 3145 8889 4823
4 6528 589 4879 6932
4 1282 4452 1021 5710
4 9561 2467 3226 4992
4 6784 9192 2381 2127
4 3121 4514 9573 8562
4 4064 6703 1822 3136
4 9072 3244 8150 39
4 1529 8898 8517 1930
4 6849 2398 9922 960
4 3617 9684 1886 3559
4 689 396 1571 4439
4 1922 3724 5954 1100
4 9143 2516 3983 1876
4 6340 6553 8027 5047
4 7432 7841 6366 622
4 5920 4026 2746 7596
4 1512 8434 5418 4792
4 4953 2565 6870 8938
4 4208 4611 4124 711
4 6864 1090 7186 8006
4 5832 5776 9222 3297
4 7990 5255 835 3188
4 2874 7426 6490 5461
4 9062 198 3749 6873
4 6202 4875 4363 4656
4 4057 7731 5724 4773
4 8746 7220 7230 6903
4 1616 3352 6834 3894
4 8425 8954 3011 5869
4 1609 923 8894 9799
4 9802 359 5556 7010
4 2707 9429 5566 2343
4 3966 2091 8861 7382
4 7770 1507 3428 45
4 8682 1381 3031 70
4 1704 9852 7149 5879
4 6443 3564 2167 5615
4 5898 8468 6585 5901
4 9828 9183 170 8276
4 7689 210 2134 4703
4 7480 1411 909 5551
4 9043 7818 8299 3582
4 1440 6184 4467 7884
4 9667 9868 7310 2129
4 5856 3914 5531 2254
4 7683 5908 8325 4887
4 5451 1347 2924 5205
4 4640 1761 146 9459
4 2320 5865 6466 147
4 6649 4286 7917 7534
4 5756 7970 4704 32
4 9096 6160 8263 3299
4 6264 6659 562 3127
4 1106 3075 1445 142
4 313 5939 3641 2983
4 4465 7249 8153 9631
4 3991 9726 8238 611
4 3694 8264 2672 1174
4 5584 2198 2278 4335
4 5522 6637 7286 4478
4 6248 7592 6016 5763
4 9891 1908 9173 1047
4 1199 5085 5166 8519
4 7424 849 7984 9978
4 6681 9752 6726 6015
4 5277 2495 9583 6112
4 4708 7876 1467 7013
4 1952 6076 4066 4410
4 7386 4659 6942 3105
4 5721 1044 8711 5657
4 9987 6522 9996 1181
4 3818 150 8133 3654
4 3681 6811 7975 3322
4 9068 1179 3020 3412
4 9210 1593 2702 4052
4 5040 6713 5362 5061
4 2337 7221 9221 4949
4 5947 7425 5860 5836
4 6648 4215 7384 4790
4 9328 9038 2062 7555
4 6208 2024 3203 9368
4 433 514 5173 1382
4 7521 708 6719 2601
4 0 5896 7964 4016
4 5240 9721 8222 8143
4 8712 1840 3596 7500
4 2401 2875 2260 3517
4 4456 3563 300 4958
4 825 4340 5157 6351
4 512 4511 9486 2367
4 1668 5813 5536 2025
4 6446 8696 4188 6246
4 8864 8667 7509 8863
4 8210 6478 6017 8202
4 5496 4771 1260 6827
4 889 9836 4206 6988
4 968 8801 2506 2907
4 608 5730 6492 2329
4 1751 8139 5198 465
4 2120 9299 8810 355
4 1400 7877 4742 430
3 1768 8089 8336
3 9935 7751 3004
3 8413 229 2903
3 131 4301 1062
3 1535 5872 2072
3 6263 4419 7471
3 8977 978 6003
3 4801 5897 8919
3 2929 4097 2772
3 3809 2953 4839
3 1843 4387 7387
3 3657 1744 1279
3 3347 2956 4502
3 4943 9198 2033
3 5082 2891 7094
3 1755 2437 439
3 3972 7397 2207
3 530 9768 2661
3 9600 6960 7895
3 3311 9519 6275
3 97 5751 9767
3 6576 1012 7614
3 9028 456 2954
3 2786 9920 2102
3 5368 252 919
3 1983 7206 4399
3 8454 2604 4858
3 8568 9993 1678
3 5208 620 3926
3 7423 5719 615
3 4635 885 9446
3 9201 9036 4596
3 8137 2578 6925
3 6846 6118 7743
3 8314 6963 2892
3 2785 8426 5422
3 5191 7633 2713
3 6161 1980 7924
3 2977 7995 9431
3 9656 2193 8876
3 7663 1220 1959
3 7800 4291 7357
3 4000 1453 8486
3 9538 3590 956
3 2608 673 2074
3 4796 5482 6565
3 9065 6563 2629
3 6835 2741 1519
3 955 6844 8822
3 204 9995 1036
3 9398 7407 2949
3 6104 393 3370
3 8435 9269 1961
3 1475 9413 9083
3 3021 2694 183
3 6824 756 335
3 24 402 8022
3 4104 240 8383
3 6352 1009 7803
3 2632 4798 3280
3 6463 1318 270
3 2399 8037 1546
3 6809 6890 1259
3 37 3793 86
3 4777 6887 7586
3 5752 8326 392
3 6197 9075 9394
3 2762 4092 7960
3 3060 6175 8737
3 1640 6450 3903
3 1694 4942 639
3 7674 6302 4783
3 3956 9332 9418
3 3939 9035 4046
3 7697 2669 1590
3 7461 1538 5628
3 9699 9086 9047
3 2297 7724 4248
3 5168 7362 8252
3 6008 5986 7991
3 1330 8859 8815
3 7881 5994 6097
3 2264 1266 499
3 2881 3875 7457
3 4400 5125 8093
3 2514 3212 3052
3 9716 3141 487
3 6698 2596 500
3 8353 2159 3543
3 3364 6972 7729
3 6699 3951 4935
3 5024 953 6315
3 6506 4534 6471
3 4488 4099 372
3 1409 4116 8447
3 7581 9830 8206
3 8401 1939 152
3 640 8900 4221
3 5401 6210 2751
3 1536 9215 9564
3 4605 9858 4501
3 801 9659 3822
3 4994 76 2610
3 1161 8028 1426
3 457 4069 431
3 3651 6818 5066
3 3344 7554 7812
3 1167 9944 6127
3 7320 6332 4358
3 2210 3789 6311
3 2837 2412 3887
3 9709 325 613
3 6148 8663 168
3 2002 3621 1502
3 4877 4736 6291
3 4982 5181 842
3 5233 6761 221
3 2469 739 7632
3 840 6229 1778
3 5106 6005 5245
3 1688 7959 1516
3 7694 8438 8576
3 6962 5146 4246
3 6121 6964 6137
3 6944 2683 4339
3 8543 6915 2388
3 4434 3330 4228
3 6448 5732 4173
3 4688 9540 2144
3 6725 6034 8643
3 9009 602 9223
3 3841 9678 1649
3 2169 2101 8766
3 6740 3509 6922
3 7395 1165 2303
3 9489 2307 4238
3 7170 31 5631
3 5817 6959 9114
3 4811 3012 9957
3 4787 1796 9838
3 5128 153 2137
3 4001 2442 9022
3 848 1043 5190
3 4723 2685 4567
3 7971 7602 9651
3 793 1504 7850
3 458 9227 5558
3 5666 2149 78
3 8950 7994 7889
3 4031 8398 477
3 5882 3123 4311
3 4482 6323 3743
3 2472 2028 7631
3 1807 6604 7957
3 1569 8031 1321
3 3555 4595 9274
3 2242 136 2595
3 4689 8930 7532
3 675 2668 8277
3 8903 9578 8256
3 7132 7557 9887
3 5443 1869 467
3 5850 725 9149
3 13 9187 5731
3 8756 6126 1532
3 3235 7430 9855
3 8201 1951 906
3 5346 7150 7559
3 7314 6746 1270
3 305 5059 6046
3 7176 8571 4047
3 8097 1979 2164
3 5951 2215 4298
3 9584 8180 4549
3 511 644 5212
3 7666 3504 395
3 6328 57 860
3 2304 6952 726
3 68 3318 4969
3 9595 4078 5863
3 6674 1953 7826
3 6095 6189 2859
3 40 1750 5606
3 1080 346 2059
3 7496 2019 4504
3 5950 4922 949
3 34 8498 7951
3 4155 5161 6093
3 2232 8897 3316
3 1586 7859 9820
3 4679 6452 5097
3 2527 4245 4279
3 5829 462 343
3 3581 9015 7078
3 419 3038 9927
3 8804 4030 5959
3 1227 9356 9710
3 9524 8629 7742
3 7804 7252 20
3 3449 6544 7315
3 3902 5026 9094
3 7565 8821 1898
3 8289 3761 9551
3 2712 4447 143
3 554 7194 3246
3 7024 5881 4554
3 3698 1371 2533
3 83 6270 6630
3 4314 4826 1084
3 568 444 3911
3 2824 8229 413
3 1194 3838 3431
3 6225 2950 8215
3 6569 4747 9157
3 3147 4398 4407
3 16 1650 579
3 868 3806 7813
3 9810 2531 3747
3 3263 3748 414
3 4856 3261 7713
3 9313 1276 4855
3 23 7121 9134
3 4537 4653 502
3 3665 9105 2333
3 1416 193 9458
3 5387 4767 9234
3 2634 9333 6063
3 4196 5917 9230
3 4176 9692 9488
3 9635 1527 3332
3 9496 7963 4558
3 4451 740 6357
3 3930 8440 6294
3 4328 1250 3174
3 1514 8108 7273
3 1201 9251 5199
3 9137 802 6693
3 7490 8727 1606
3 3146 4267 3679
3 6612 4841 1986
3 9680 2358 4750
3 937 3515 4623
3 9475 1452 5175
3 1618 6828 4892
3 6920 9002 3396
3 8952 8675 7197
3 1891 4804 3578
3 8355 5714 3773
3 1170 6398 6990
3 9260 7653 9294
3 2143 8729 9085
3 6130 558 6727
3 4562 5702 9759
3 3099 9985 8986
3 6664 5672 9526
3 8464 3402 8773
3 6245 5980 4197
3 3849 2730 4746
3 2671 4662 3407
3 4578 9711 6494
3 8179 459 1549
3 7761 2898 365
3 8177 1027 6430
3 5769 858 8918
3 7786 3334 8759
3 4898 9543 2529
3 2432 649 7906
3 6473 6353 6232
3 4144 8978 1132
3 8067 6590 94
3 5400 2402 8806
3 9280 1377 5676
3 30 9655 8981
3 7418 1286 3482
3 8212 293 4880
3 1032 4713 2220
3 4193 7980 1221
3 6432 4487 9502
3 9272 185 7600
3 2335 5098 5831
3 1793 1058 6244
3 8456 225 6479
3 9611 6822 4775
3 6600 7805 7616
3 9181 2946 3824
3 8129 2235 2750
3 4249 8965 7622
3 9073 1754 2799
3 576 2570 7931
3 7048 3513 5237
3 3547 115 7123
3 7410 4156 1806
3 6002 1669 417
3 2328 4095 8567
3 5200 1296 1031
3 4694 6472 1848
3 6669 7127 4546
3 1639 8642 982
3 8665 3442 1404
3 2240 8388 7237
3 2466 6899 7899
3 1624 9771 6078
3 3721 5523 3782
3 4325 2911 7275
3 7665 8340 7190
3 2205 8393 7721
3 6851 7085 5471
3 9859 9338 9624
3 5041 8472 5641
3 5812 9613 6524
3 473 1835 8572
3 5505 7329 6697
3 3883 896 6223
3 9745 5019 3570
3 4914 8372 8734
3 1892 9892 7236
3 753 4308 9844
3 5944 3587 5043
3 8808 2047 5895
3 4564 9013 22
3 9948 845 6671
3 7018 7849 4164
3 2216 7036 1271
3 5442 5613 2582
3 8084 2781 2294
3 3265 5426 1783
3 1313 6993 1118
3 1137 5460 2199
3 9603 9003 7634
3 5140 6510 7828
3 7815 2105 516
3 3615 2046 1110
3 9337 3161 6258
3 3324 5800 2268
3 1849 5397 1774
3 6739 9958 2422
3 6744 6766 3878
3 5268 4932 4613
3 1369 8654 3233
3 2237 1653 6064
3 6953 651 1781
3 8994 5598 5134
3 2234 7868 7693
3 5276 2754 8021
3 8640 4172 2549
3 4489 6356 2453
3 3965 9261 2390
3 4255 7400 5253
3 160 3381 2775
3 1288 3097 9029
3 123 8593 6711
3 1699 796 9901
3 2289 899 2591
3 7247 7686 1127
3 6581 3873 217
3 1656 8411 6023
3 4818 8753 1212
3 2852 7510 8716
3 6560 1093 1488
3 9860 1870 7223
3 4394 4599 6595
3 4918 1208 2281
3 1461 3078 6803
3 6035 5903 550
3 1978 9194 8573
3 4088 3300 6180
3 1480 5234 7309
3 6636 7117 4910
3 2016 2406 3884
3 3888 2951 2621
3 828 472 8049
3 1172 8382 9679
3 101 8166 4630
3 728 1652 199
3 1899 8316 5246
3 930 4669 5514
3 9744 4678 6414
3 6304 3880 5323
3 7233 6517 4217
3 4136 3131 2326
3 5834 1865 6852
3 6529 1627 5770
3 2417 893 1814
3 8618 3783 7289
3 3262 279 7684
3 4094 8987 5398
3 8539 7903 159
3 5104 1985 6373
3 1665 5171 7788
3 2731 133 5189
3 2136 2334 8996
3 5736 219 1716
3 7460 6774 3439
3 1867 2065 5577
3 218 2987 5313
3 3312 5972 2464
3 3744 5391 8165
3 347 6796 8141
3 610 9575 7501
3 4840 1086 3506
3 6090 5373 3355
3 3274 8235 5077
3 1904 3401 3411
3 6132 1836 6261
3 5586 7672 3817
3 1192 9877 6831
3 7925 4312 2444
3 3584 7898 6520
3 9225 2227 6213
3 9534 4894 3862
3 5132 401 3491
3 9846 990 934
3 7371 9200 5064
3 669 4538 4544
3 3664 2793 7491
3 3216 977 3927
3 3445 5370 1801
3 3186 1292 7110
3 4833 5429 9670
3 4529 144 249
3 8694 1331 8525
3 1971 4789 5182
3 3933 9008 6096
3 2947 6417 8268
3 5481 381 2022
3 5594 6958 1469
3 2184 292 2173
3 89 3124 2554
3 8793 2722 7675
3 3929 545 7065
3 1299 3947 7502
3 1130 9882 3807
3 9209 7695 8789
3 3521 9941 5345
3 8934 2560 4628
3 9770 9660 2087
3 6259 9754 1638
3 7907 7902 3017
3 5511 7043 6770
3 8584 7664 3313
3 8842 827 4981
3 1928 2068 1646
3 2376 3076 4428
3 2480 2050 8015
3 7163 157 2463
3 5122 771 6805
3 2057 8409 6301
3 1138 4553 241
3 288 865 7608
3 7388 6973 894
3 304 6409 4355
3 2835 1120 6497
3 3539 9156 5599
3 7969 3085 2711
3 3115 4163 1935
3 9089 819 316
3 4646 7274 3893
3 4149 8273 4842
3 7553 8853 8638
3 3424 618 8732
3 2011 5804 7962
3 6331 757 2990
3 3281 5621 3125
3 1184 4479 6812
3 6586 6405 5966
3 7096 3610 7744
3 7333 7795 5825
3 356 8645 1495
3 7544 6425 7642
3 3178 9491 8298
3 1683 6068 207
3 8886 4948 7878
3 4882 9785 6307
3 643 5725 3541
3 6897 4392 9179
3 7216 4337 2841
3 3353 9863 4714
3 9535 8633 6227
3 5578 3941 1958
3 1841 5254 108
3 9647 7229 1277
3 9367 7019 8534
3 2564 8502 287
3 5718 8068 5958
3 8870 6387 616
3 2288 1574 9617
3 5550 7546 6513
3 4226 9870 6904
3 5060 7134 2567
3 5206 5663 3006
3 4468 2418 6087
3 7556 7948 9885
3 7298 9406 2805
3 8776 2179 691
3 5424 5612 5952
3 5848 186 2163
3 8310 9172 6629
3 1809 3753 5329
3 4508 4598 2239
3 1209 7014 8709
3 9232 4143 128
3 784 4634 5658
3 5741 8941 3425
3 2563 3798 733
3 6814 3536 867
3 425 8740 5192
3 163 862 3580
3 9152 9140 7177
3 9553 5534 7087
3 5510 7091 3812
3 6484 9582 5573
3 2201 2435 1615
3 1700 2318 1661
3 9329 348 7349
3 2577 9158 4791
3 378 2689 3209
3 2344 1563 4693
3 226 9570 1479
3 5611 1376 9590
3 6620 789 6125
3 800 8564 5771
3 9423 3712 4986
3 7640 9100 6541
3 383 9314 2470
3 9555 2152 4403
3 1403 8771 8103
3 4518 9346 7799
3 4726 6748 1099
3 6253 7441 7365
3 7434 4290 8309
3 189 719 3917
3 1685 4906 9862
3 3208 769 3438
3 5409 8321 1788
3 6701 1235 9876
3 5316 2586 633
3 4709 7758 1196
3 415 8347 3213
3 5183 6917 1131
2 4996 6692
2 7140 349
2 5294 7835
2 3949 7807
2 2451 9205
2 7541 4939
2 8064 7580
2 1909 441
2 2012 7459
2 7060 8493
2 4211 8086
2 7946 9819
2 1494 1949
2 8080 3784
2 9323 958
2 1119 2550
2 8635 507
2 203 1868
2 831 5343
2 2356 2878
2 3327 291
2 2382 8960
2 6279 8282
2 6457 5148
2 8686 9737
2 863 361
2 6456 1230
2 1180 1993
2 1284 1679
2 1799 1188
2 9954 3860
2 8379 4
2 693 509
2 7092 621
2 1732 703
2 2498 7669
2 1335 388
2 2035 5779
2 782 8406
2 3247 8726
2 8875 2483
2 6843 7965
2 2384 7479
2 280 9999
2 405 1611
2 1105 3821
2 7507 9372
2 5379 5694
2 1818 1323
2 935 2378
2 4675 5051
2 8970 5699
2 1133 3787
2 8410 1111
2 491 2311
2 9807 7307
2 4633 1135
2 4632 5833
2 2324 8955
2 4664 4734
2 200 4950
2 7753 2789
2 268 4330
2 227 7251
2 9663 258
2 9102 8985
2 3394 6085
2 6233 2579
2 922 1074
2 6407 4344
2 8784 4254
2 4979 662
2 2373 1046
2 2386 8791
2 3922 5844
2 5977 2541
2 2086 9724
2 5356 7667
2 376 9636
2 1987 6500
2 318 3386
2 3639 8523
2 3389 9701
2 3292 7791
2 2942 6983
2 8461 6635
2 1553 811
2 4107 9742
2 983 2405
2 9604 4461
2 2825 4220
2 7399 9557
2 3385 1029
2 342 8491
2 5177 5005
2 9533 6158
2 3827 3199
2 6371 2410
2 2508 9162
2 5327 8602
2 2676 794
2 8731 6434
2 8164 741
2 4371 173
2 9148 2030
2 9717 9644
2 4425 9632
2 7322 9186
2 8374 2715
2 5483 2039
2 7627 7706
2 8725 1918
2 872 6420
2 9773 2883
2 4810 6647
2 7820 9609
2 3866 8136
2 5885 9342
2 3756 5413
2 5266 4273
2 7340 1992
2 3819 3008
2 6254 5187
2 6242 4369
2 7992 409
2 8872 148
2 9282 1534
2 7228 1897
2 2934 8857
2 1329 1554
2 3799 195
2 5643 5399
2 7098 7789
2 7636 2747
2 1969 3935
2 3225 9977
2 1415 5957
2 984 4651
2 69 5210
2 821 6678
2 1705 7712
2 1439 4435
2 4978 1063
2 1045 3794
2 4323 1206
2 3267 5073
2 7832 3620
2 5979 8613
2 435 7069
2 4535 901
2 3227 7938
2 5361 917
2 5045 7033
2 5265 7547
2 7165 7393
2 4214 9963
2 2427 483
2 2803 652
2 5167 2873
2 3144 5470
2 6499 437
2 4237 1731
2 3474 2172
2 5883 7736
2 312 4356
2 8879 6174
2 605 7408
2 4103 4032
2 2166 3466
2 7243 9327
2 6480 8728
2 2884 7264
2 2503 9159
2 1610 5840
2 6234 5853
2 3058 9362
2 4260 7276
2 8758 4807
2 8570 8780
2 508 7093
2 5340 2425
2 4758 8770
2 6654 5745
2 9070 3636
2 4822 6675
2 4372 7915
2 7588 6077
2 7172 2996
2 8142 6901
2 2330 4860
2 5508 9787
2 7793 7097
2 1654 2500
2 9822 7416
2 8395 6841
2 9775 5350
2 8535 194
2 8507 987
2 4224 3879
2 9011 4732
2 1305 8778
2 179 111
2 3082 4972
2 8786 209
2 1142 7639
2 9749 9415
2 3984 7059
2 6853 303
2 8311 2206
2 7427 9380
2 184 2556
2 118 3530
2 8877 4577
2 4890 4891
2 192 3476
2 596 8144
2 8117 2170
2 2769 6187
2 8975 7086
2 3189 7561
2 1614 8114
2 3777 4175
2 7942 5557
2 9571 9421
2 8038 729
2 6141 8361
2 5067 482
2 5107 4285
2 8961 2520
2 9218 478
2 4376 5279
2 1728 9931
2 7856 8224
2 9264 1831
2 6128 8417
2 3044 7883
2 3859 4621
2 5696 8061
2 8272 3493
2 7578 8405
2 274 121
2 6614 5993
2 3727 7741
2 2485 2812
2 1972 6902
2 5906 7590
2 6156 4523
2 6308 3717
2 4724 3716
2 8244 1485
2 8135 6411
2 9436 9556
2 4952 908
2 2771 2808
2 5983 1517
2 5747 2974
2 7075 2512
2 4699 7847
2 1695 6559
2 6937 8462
2 4232 6833
2 4899 8530
2 3685 1496
2 6682 7483
2 7606 7187
2 6177 1350
2 4470 7077
2 8002 156
2 8075 5504
2 781 9793
2 8009 7045
2 2098 6720
2 1625 8797
2 230 9031
2 4333 9126
2 8011 1937
2 2602 8110
2 8880 424
2 1226 8045
2 9736 7017
2 8698 8220
2 2271 574
2 8542 5870
2 4098 8561
2 6607 5304
2 2110 5213
2 5533 1177
2 311 6265
2 256 3635
2 6428 6545
2 7864 2272
2 833 7730
2 2827 8500
2 1749 5727
2 6429 4063
2 5617 4845
2 1283 61
2 5410 8412
2 5382 2532
2 7404 1696
2 7068 2447
2 3053 5158
2 2657 1513
2 4980 4966
2 8556 4297
2 81 9686
2 4588 4913
2 9301 1006
2 3108 1326
2 6971 9498
2 428 866
2 7533 7248
2 6026 1917
2 5023 3307
2 2231 7337
2 3023 7550
2 5260 3690
2 1804 2298
2 4440 8494
2 1753 8159
2 1171 1501
2 795 8868
2 682 5377
2 1984 5262
2 4427 5783
2 1634 9457
2 5938 3059
2 4876 9357
2 1703 6551
2 8034 6031
2 1622 7833
2 7929 8924
2 6075 8441
2 7138 2252
2 4262 7830
2 7682 5008
2 7367 6539
2 538 8850
2 6998 959
2 9296 406
2 903 1789
2 9910 8473
2 5480 7139
2 7711 7022
2 7030 6293
2 9521 9932
2 1166 3993
2 9007 7292
2 5907 3469
2 3268 8190
2 5754 803
2 2900 4591
2 3266 2673
2 8555 6237
2 9972 6454
2 5910 6021
2 7067 3846
2 2357 2310
2 5472 5585
2 8968 1275
2 6617 7453
2 7514 8592
2 1307 3534
2 2393 4770
2 6257 2583
2 6412 6098
2 1762 1932
2 7584 9823
2 3205 658
2 6859 4793
2 5632 7523
2 4830 3361
2 3154 9042
2 9577 1824
2 3286 7102
2 603 7129
2 5281 9548
2 6519 2645
2 1149 4923
2 3416 3854
2 7281 4060
2 668 3963
2 4843 5693
2 4851 4283
2 5926 1191
2 6533 6799
2 4453 4893
2 9698 9044
2 7688 5900
2 3705 6848
2 5010 6393
2 4019 4048
2 2026 3994
2 2546 2138
2 3810 275
2 7574 1770
2 2664 3803
2 3169 224
2 9189 7071
2 4911 2928
2 5640 3382
2 341 2899
2 452 9297
2 6040 1190
2 9861 3611
2 6961 1878
2 9914 25
2 3591 5430
2 698 1612
2 7000 6222
2 9411 7985
2 921 7658
2 4236 2385
2 8085 4571
2 5100 9311
2 2961 8541
2 6643 8001
2 2656 2662
2 9146 886
2 2280 8000
2 8231 7852
2 746 9270
2 3719 8554
2 238 5828
2 4691 1302
2 5538 2709
2 4009 6334
2 1775 9204
2 3990 9101
2 3619 582
2 5809 6290
2 6592 3454
2 3696 6862
2 319 2153
2 54 3523
2 5838 6195
2 8334 6119
2 9554 6185
2 972 9229
2 526 7782
2 6509 468
2 27 659
2 9059 7890
2 4305 182
2 4209 6283
2 1316 3754
2 7488 6516
2 4821 6391
2 7261 180
2 412 5386
2 9825 1873
2 5635 1777
2 1134 7504
2 2038 6199
2 2525 1667
2 999 6491
2 6772 6850
2 8109 3413
2 8118 5549
2 4525 3156
2 9720 9024
2 9933 7011
2 6923 2980
2 7222 9336
2 2758 1880
2 573 5014
2 8508 1308
2 3645 4252
2 6163 5257
2 5949 8098
2 4705 379
2 422 5697
2 4174 6792
2 4034 8546
2 9150 3843
2 2154 4987
2 8344 1087
2 5778 4132
2 1237 5859
2 4520 9400
2 4581 8318
2 8757 1725
2 2010 4556
2 5227 3383
2 1915 8511
2 3628 3201
2 154 9833
2 7921 3340
2 3643 4062
2 533 5108
2 9929 1964
2 3788 5820
2 1664 1374
2 3546 6631
2 9164 9638
2 2733 986
2 5406 5049
2 7005 360
2 583 7882
2 5539 5342
2 1401 7042
2 4438 5619
2 7183 911
2 7822 1290
