168
2 28 2
2 35 102
2 93 9
2 97 30
2 190 37
2 196 39
2 197 42
2 252 43
2 286 49
2 333 51
2 369 53
2 420 57
2 423 58
2 441 62
2 12 77
2 33 75
2 47 118
2 165 82
2 300 94
2 326 67
2 482 87
2 1 112
2 14 359
2 21 160
2 256 32
2 279 36
2 299 56
2 306 69
2 315 144
2 229 287
2 330 295
2 421 46
2 454 468
2 408 248
2 17 225
2 86 353
2 224 265
2 296 297
2 250 131
2 171 272
2 417 357
2 246 308
2 227 312
2 492 162
2 84 215
2 64 371
2 316 331
2 155 166
2 120 219
2 156 231
2 232 338
2 436 340
2 182 147
2 266 108
2 376 452
2 344 349
2 426 150
2 194 346
2 443 240
2 462 52
2 342 370
2 495 175
2 368 380
2 213 463
2 486 111
4 360 274 467 243
4 401 245 384 460
4 281 106 11 471
4 48 461 398 186
4 85 329 341 373
4 88 304 298 339
4 404 450 29 5
4 321 138 309 158
4 434 386 285 347
4 352 127 168 135
4 451 143 395 372
4 383 0 284 151
4 15 412 110 195
4 61 8 79 146
4 181 356 130 290
4 187 433 323 327
4 152 202 228 410
4 208 236 134 374
4 249 149 172 145
4 258 273 169 179
4 137 154 205 223
4 288 385 140 335
4 292 99 27 161
4 320 3 92 183
4 367 201 59 238
4 387 6 45 257
4 289 148 438 55
4 409 139 157 25
4 430 136 267 66
4 445 89 114 262
4 498 121 260 95
4 499 302 124 222
4 10 163 394 173
4 13 105 80 198
4 180 185 188 453
4 90 91 276 314
4 192 235 364 216
4 214 328 345 178
4 230 242 100 116
4 268 424 474 206
4 278 283 119 220
4 418 379 449 336
4 239 419 76 211
4 351 400 218 83
4 375 184 264 393
4 388 422 104 204
4 391 407 107 259
4 392 437 50 128
4 125 233 355 319
4 403 444 40 282
4 416 19 203 365
4 209 26 4 337
4 200 153 442 397
4 447 78 207 247
4 459 217 348 81
4 497 280 291 193
4 60 325 413 167
4 126 226 234 174
4 70 237 251 263
4 411 132 382 455
3 109 350 431
3 261 133 405
3 473 20 363
3 361 244 141
3 305 68 103
3 65 113 41
3 73 74 123
3 176 334 390
3 425 358 191
3 466 34 22
3 31 294 271
3 362 475 164
3 389 96 402
3 253 494 7
3 446 414 255
3 241 322 270
3 72 275 71
3 16 465 427
3 332 293 189
3 177 170 303
3 324 317 38
3 381 406 63
3 472 98 301
3 129 378 307
3 484 343 23
3 377 142 399
3 366 318 311
3 313 354 212
3 115 277 199
3 210 122 439
3 18 44 221
3 490 117 310
3 448 54 159
3 24 396 429
3 428 435 432
3 440 456 101
3 457 458 464
3 469 254 269
3 476 470 415
3 477 478 479
3 480 481 483
3 485 487 488
3 489 491 493
